35
OP796361_RUS_UNK_17DD          0.0000000 0.0031478 0.0030489 0.0029503 0.0027524 0.0029500 0.0031482 0.0028512 0.0031495 0.0027528 0.0027524 0.0032480 0.0034456 0.0035463 0.0036457 0.0028512 0.0032480 0.0032472 0.0036438 0.0029500 0.0033467 0.0028512 0.0032469 0.0031480 0.0031480 0.0030493 0.0031496 0.0029504 0.0035444 0.0034456 0.0034454 0.0008799 0.0029500 0.0030493 0.0039474 
MN708497_BEL_2019-2-7_STAMARIL 0.0031478 0.0000000 0.0000977 0.0007820 0.0003909 0.0005865 0.0007820 0.0002932 0.0002932 0.0002932 0.0003909 0.0036436 0.0008810 0.0005865 0.0006853 0.0002932 0.0036436 0.0010771 0.0040398 0.0003909 0.0009790 0.0004887 0.0002932 0.0001954 0.0001954 0.0006842 0.0007832 0.0005865 0.0007820 0.0006842 0.0006842 0.0026535 0.0003909 0.0004887 0.0013738 
MN708496_BEL_2019-2-7_STAMARIL 0.0030489 0.0000977 0.0000000 0.0006842 0.0002932 0.0004887 0.0006842 0.0001954 0.0001955 0.0001955 0.0002932 0.0035445 0.0007820 0.0004887 0.0005865 0.0001954 0.0035445 0.0009790 0.0039406 0.0002932 0.0008810 0.0003909 0.0001954 0.0000977 0.0000977 0.0005865 0.0006842 0.0004887 0.0006842 0.0005865 0.0005865 0.0025548 0.0002932 0.0003909 0.0012754 
MN708495_BEL_2019-2-7_STAMARIL 0.0029503 0.0007820 0.0006842 0.0000000 0.0003909 0.0005865 0.0003909 0.0004887 0.0007832 0.0003910 0.0003909 0.0034457 0.0010772 0.0011758 0.0012741 0.0004887 0.0034457 0.0010772 0.0038417 0.0005865 0.0007820 0.0002932 0.0008799 0.0007820 0.0007820 0.0006842 0.0007832 0.0005865 0.0011752 0.0010772 0.0010771 0.0024563 0.0005865 0.0006842 0.0015707 
MN708494_BEL_2019-2-7_STAMARIL 0.0027524 0.0003909 0.0002932 0.0003909 0.0000000 0.0001954 0.0003909 0.0000977 0.0003910 0.0000010 0.0000010 0.0032474 0.0006842 0.0007833 0.0008814 0.0000977 0.0032474 0.0006842 0.0036432 0.0001954 0.0005865 0.0000977 0.0004887 0.0003909 0.0003909 0.0002932 0.0003909 0.0001954 0.0007820 0.0006842 0.0006842 0.0022589 0.0001954 0.0002932 0.0011771 
MN708493_BEL_2019-2-7_STAMARIL 0.0029500 0.0005865 0.0004887 0.0005865 0.0001954 0.0000000 0.0005865 0.0002932 0.0005865 0.0001955 0.0001954 0.0034454 0.0008809 0.0009794 0.0010777 0.0002932 0.0034454 0.0008810 0.0038414 0.0003909 0.0007820 0.0002932 0.0006842 0.0005865 0.0005865 0.0004887 0.0005865 0.0003909 0.0009789 0.0008809 0.0008809 0.0024561 0.0003909 0.0004887 0.0013737 
MN708491_BEL_2019-2-7_STAMARIL 0.0031482 0.0007820 0.0006842 0.0003909 0.0003909 0.0005865 0.0000000 0.0004887 0.0007833 0.0003910 0.0003909 0.0036441 0.0010772 0.0011759 0.0012742 0.0004887 0.0036441 0.0010773 0.0040404 0.0005865 0.0009792 0.0002932 0.0008809 0.0007820 0.0007820 0.0006842 0.0007833 0.0005865 0.0011753 0.0010772 0.0010772 0.0026539 0.0005865 0.0006842 0.0015708 
MN708490_BEL_2019-2-7_STAMARIL 0.0028512 0.0002932 0.0001954 0.0004887 0.0000977 0.0002932 0.0004887 0.0000000 0.0002932 0.0000010 0.0000977 0.0033464 0.0005865 0.0006853 0.0007834 0.0000010 0.0033464 0.0007820 0.0037423 0.0000977 0.0006842 0.0001954 0.0003909 0.0002932 0.0002932 0.0003909 0.0004887 0.0002932 0.0006842 0.0005865 0.0005865 0.0023575 0.0000977 0.0001954 0.0010788 
MN708489_BEL_2019-2-7_STAMARIL 0.0031495 0.0002932 0.0001955 0.0007832 0.0003910 0.0005865 0.0007833 0.0002932 0.0000000 0.0002932 0.0003910 0.0036456 0.0008815 0.0006857 0.0007838 0.0002932 0.0036456 0.0010777 0.0040421 0.0003910 0.0009796 0.0004887 0.0003910 0.0002932 0.0002932 0.0006843 0.0007836 0.0005865 0.0007833 0.0006853 0.0006843 0.0026550 0.0003910 0.0004887 0.0013745 
MN708488_FRA_2019-2-7_STAMARIL 0.0027528 0.0002932 0.0001955 0.0003910 0.0000010 0.0001955 0.0003910 0.0000010 0.0002932 0.0000000 0.0000010 0.0032479 0.0005865 0.0006853 0.0007834 0.0000010 0.0032479 0.0006843 0.0036437 0.0000977 0.0005865 0.0000977 0.0003910 0.0002932 0.0002932 0.0002932 0.0003910 0.0001955 0.0006843 0.0005865 0.0005865 0.0022592 0.0000977 0.0001955 0.0010790 
MG051217_UNK_UNK_UNK           0.0027524 0.0003909 0.0002932 0.0003909 0.0000010 0.0001954 0.0003909 0.0000977 0.0003910 0.0000010 0.0000000 0.0032474 0.0006842 0.0007833 0.0008814 0.0000977 0.0032474 0.0006842 0.0036432 0.0001954 0.0005865 0.0000977 0.0004887 0.0003909 0.0003909 0.0002932 0.0003909 0.0001954 0.0007820 0.0006842 0.0006842 0.0022589 0.0001954 0.0002932 0.0011771 
GQ379162_PER_2007-10_17DD_AE   0.0032480 0.0036436 0.0035445 0.0034457 0.0032474 0.0034454 0.0036441 0.0033464 0.0036456 0.0032479 0.0032474 0.0000000 0.0039421 0.0040432 0.0041428 0.0033464 0.0000010 0.0037433 0.0001955 0.0034454 0.0038430 0.0033464 0.0037430 0.0036438 0.0036438 0.0035450 0.0036457 0.0034459 0.0038419 0.0037430 0.0037427 0.0031493 0.0034454 0.0035449 0.0044456 
MT840700_UNK_UNK_UNK           0.0034456 0.0008810 0.0007820 0.0010772 0.0006842 0.0008809 0.0010772 0.0005865 0.0008815 0.0005865 0.0006842 0.0039421 0.0000000 0.0012743 0.0013727 0.0005865 0.0039421 0.0013719 0.0043388 0.0006842 0.0012737 0.0007820 0.0009791 0.0008810 0.0008810 0.0005865 0.0006842 0.0004887 0.0010772 0.0009791 0.0009791 0.0029507 0.0006842 0.0005865 0.0016694 
OM938990_FRA_2019_YF_VAX       0.0035463 0.0005865 0.0004887 0.0011758 0.0007833 0.0009794 0.0011759 0.0006853 0.0006857 0.0006853 0.0007833 0.0040432 0.0012743 0.0000000 0.0000977 0.0006853 0.0040432 0.0014709 0.0044402 0.0007833 0.0012760 0.0008814 0.0004887 0.0003909 0.0003909 0.0010777 0.0011764 0.0009796 0.0009795 0.0008814 0.0008814 0.0030510 0.0007833 0.0008815 0.0017688 
OM938989_FRA_2018_YF_VAX       0.0036457 0.0006853 0.0005865 0.0012741 0.0008814 0.0010777 0.0012742 0.0007834 0.0007838 0.0007834 0.0008814 0.0041428 0.0013727 0.0000977 0.0000000 0.0007834 0.0041428 0.0015693 0.0045400 0.0008814 0.0013744 0.0009795 0.0005865 0.0004887 0.0004887 0.0011760 0.0012748 0.0010778 0.0010777 0.0009796 0.0009796 0.0031502 0.0008814 0.0009797 0.0018675 
OK573009_USA_UNK_UNK           0.0028512 0.0002932 0.0001954 0.0004887 0.0000977 0.0002932 0.0004887 0.0000010 0.0002932 0.0000010 0.0000977 0.0033464 0.0005865 0.0006853 0.0007834 0.0000000 0.0033464 0.0007820 0.0037423 0.0000977 0.0006842 0.0001954 0.0003909 0.0002932 0.0002932 0.0003909 0.0004887 0.0002932 0.0006842 0.0005865 0.0005865 0.0023575 0.0000977 0.0001954 0.0010788 
MN737509_BRA_2019-11-21_17DD   0.0032480 0.0036436 0.0035445 0.0034457 0.0032474 0.0034454 0.0036441 0.0033464 0.0036456 0.0032479 0.0032474 0.0000010 0.0039421 0.0040432 0.0041428 0.0033464 0.0000000 0.0037433 0.0001955 0.0034454 0.0038430 0.0033464 0.0037430 0.0036438 0.0036438 0.0035450 0.0036457 0.0034459 0.0038419 0.0037430 0.0037427 0.0031493 0.0034454 0.0035449 0.0044456 
MW158363_USA_1966_17DD_AE      0.0032472 0.0010771 0.0009790 0.0010772 0.0006842 0.0008810 0.0010773 0.0007820 0.0010777 0.0006843 0.0006842 0.0037433 0.0013719 0.0014709 0.0015693 0.0007820 0.0037433 0.0000000 0.0041397 0.0008810 0.0006842 0.0007820 0.0011753 0.0010772 0.0010772 0.0009792 0.0010777 0.0008811 0.0014701 0.0013719 0.0013719 0.0029508 0.0008810 0.0009791 0.0018665 
MW158362_ECU_1997-7_17DD_AE    0.0036438 0.0040398 0.0039406 0.0038417 0.0036432 0.0038414 0.0040404 0.0037423 0.0040421 0.0036437 0.0036432 0.0001955 0.0043388 0.0044402 0.0045400 0.0037423 0.0001955 0.0041397 0.0000000 0.0038414 0.0042397 0.0037423 0.0041394 0.0040401 0.0040401 0.0039412 0.0040422 0.0038420 0.0042384 0.0041394 0.0041391 0.0035450 0.0038414 0.0039411 0.0048435 
MW158360_PER_2011-3_17DD_AE    0.0029500 0.0003909 0.0002932 0.0005865 0.0001954 0.0003909 0.0005865 0.0000977 0.0003910 0.0000977 0.0001954 0.0034454 0.0006842 0.0007833 0.0008814 0.0000977 0.0034454 0.0008810 0.0038414 0.0000000 0.0007820 0.0002932 0.0004887 0.0003909 0.0003909 0.0004887 0.0005865 0.0003909 0.0007820 0.0006842 0.0006842 0.0024561 0.0001954 0.0002932 0.0011771 
MW158358_PER_2004_17DD_AE      0.0033467 0.0009790 0.0008810 0.0007820 0.0005865 0.0007820 0.0009792 0.0006842 0.0009796 0.0005865 0.0005865 0.0038430 0.0012737 0.0012760 0.0013744 0.0006842 0.0038430 0.0006842 0.0042397 0.0007820 0.0000000 0.0006842 0.0009804 0.0008822 0.0008822 0.0008811 0.0009796 0.0007831 0.0012753 0.0011771 0.0011770 0.0028520 0.0007820 0.0008811 0.0017680 
MW249080_FRA_2019-2-7_STAMARIL 0.0028512 0.0004887 0.0003909 0.0002932 0.0000977 0.0002932 0.0002932 0.0001954 0.0004887 0.0000977 0.0000977 0.0033464 0.0007820 0.0008814 0.0009795 0.0001954 0.0033464 0.0007820 0.0037423 0.0002932 0.0006842 0.0000000 0.0005865 0.0004887 0.0004887 0.0003909 0.0004887 0.0002932 0.0008809 0.0007820 0.0007820 0.0023575 0.0002932 0.0003909 0.0012754 
JX949181_USA_2012-7-3_UNK      0.0032469 0.0002932 0.0001954 0.0008799 0.0004887 0.0006842 0.0008809 0.0003909 0.0003910 0.0003910 0.0004887 0.0037430 0.0009791 0.0004887 0.0005865 0.0003909 0.0037430 0.0011753 0.0041394 0.0004887 0.0009804 0.0005865 0.0000000 0.0000977 0.0000977 0.0007820 0.0006842 0.0006842 0.0006842 0.0005865 0.0005865 0.0027525 0.0004887 0.0005865 0.0014722 
KF769015_UNK_UNK_YF_VAX        0.0031480 0.0001954 0.0000977 0.0007820 0.0003909 0.0005865 0.0007820 0.0002932 0.0002932 0.0002932 0.0003909 0.0036438 0.0008810 0.0003909 0.0004887 0.0002932 0.0036438 0.0010772 0.0040401 0.0003909 0.0008822 0.0004887 0.0000977 0.0000000 0.0000010 0.0006842 0.0007832 0.0005865 0.0005865 0.0004887 0.0004887 0.0026537 0.0003909 0.0004887 0.0013739 
JX503529_UNK_UNK_YF_VAX        0.0031480 0.0001954 0.0000977 0.0007820 0.0003909 0.0005865 0.0007820 0.0002932 0.0002932 0.0002932 0.0003909 0.0036438 0.0008810 0.0003909 0.0004887 0.0002932 0.0036438 0.0010772 0.0040401 0.0003909 0.0008822 0.0004887 0.0000977 0.0000010 0.0000000 0.0006842 0.0007832 0.0005865 0.0005865 0.0004887 0.0004887 0.0026537 0.0003909 0.0004887 0.0013739 
AF052446_UNK_UNK_17D-204-SA    0.0030493 0.0006842 0.0005865 0.0006842 0.0002932 0.0004887 0.0006842 0.0003909 0.0006843 0.0002932 0.0002932 0.0035450 0.0005865 0.0010777 0.0011760 0.0003909 0.0035450 0.0009792 0.0039412 0.0004887 0.0008811 0.0003909 0.0007820 0.0006842 0.0006842 0.0000000 0.0002932 0.0000977 0.0008809 0.0007820 0.0007820 0.0025552 0.0004887 0.0003909 0.0014723 
AF052445_UNK_UNK_17D-204-SA    0.0031496 0.0007832 0.0006842 0.0007832 0.0003909 0.0005865 0.0007833 0.0004887 0.0007836 0.0003910 0.0003909 0.0036457 0.0006842 0.0011764 0.0012748 0.0004887 0.0036457 0.0010777 0.0040422 0.0005865 0.0009796 0.0004887 0.0006842 0.0007832 0.0007832 0.0002932 0.0000000 0.0001954 0.0009794 0.0008813 0.0008813 0.0026551 0.0005865 0.0004887 0.0015714 
AF052444_UNK_UNK_17D-204-SA    0.0029504 0.0005865 0.0004887 0.0005865 0.0001954 0.0003909 0.0005865 0.0002932 0.0005865 0.0001955 0.0001954 0.0034459 0.0004887 0.0009796 0.0010778 0.0002932 0.0034459 0.0008811 0.0038420 0.0003909 0.0007831 0.0002932 0.0006842 0.0005865 0.0005865 0.0000977 0.0001954 0.0000000 0.0007820 0.0006842 0.0006842 0.0024565 0.0003909 0.0002932 0.0013739 
AF052439_UNK_UNK_YF_VAX        0.0035444 0.0007820 0.0006842 0.0011752 0.0007820 0.0009789 0.0011753 0.0006842 0.0007833 0.0006843 0.0007820 0.0038419 0.0010772 0.0009795 0.0010777 0.0006842 0.0038419 0.0014701 0.0042384 0.0007820 0.0012753 0.0008809 0.0006842 0.0005865 0.0005865 0.0008809 0.0009794 0.0007820 0.0000000 0.0002932 0.0002932 0.0030494 0.0007820 0.0006842 0.0017678 
AF052438_UNK_UNK_YF_VAX        0.0034456 0.0006842 0.0005865 0.0010772 0.0006842 0.0008809 0.0010772 0.0005865 0.0006853 0.0005865 0.0006842 0.0037430 0.0009791 0.0008814 0.0009796 0.0005865 0.0037430 0.0013719 0.0041394 0.0006842 0.0011771 0.0007820 0.0005865 0.0004887 0.0004887 0.0007820 0.0008813 0.0006842 0.0002932 0.0000000 0.0001954 0.0029507 0.0006842 0.0005865 0.0016694 
AF052437_UNK_UNK_YF_VAX        0.0034454 0.0006842 0.0005865 0.0010771 0.0006842 0.0008809 0.0010772 0.0005865 0.0006843 0.0005865 0.0006842 0.0037427 0.0009791 0.0008814 0.0009796 0.0005865 0.0037427 0.0013719 0.0041391 0.0006842 0.0011770 0.0007820 0.0005865 0.0004887 0.0004887 0.0007820 0.0008813 0.0006842 0.0002932 0.0001954 0.0000000 0.0029505 0.0006842 0.0005865 0.0016693 
DQ100292_BRA_UNK_17DD          0.0008799 0.0026535 0.0025548 0.0024563 0.0022589 0.0024561 0.0026539 0.0023575 0.0026550 0.0022592 0.0022589 0.0031493 0.0029507 0.0030510 0.0031502 0.0023575 0.0031493 0.0029508 0.0035450 0.0024561 0.0028520 0.0023575 0.0027525 0.0026537 0.0026537 0.0025552 0.0026551 0.0024565 0.0030494 0.0029507 0.0029505 0.0000000 0.0024561 0.0025552 0.0034509 
DQ118157_ESP_2004_STAMARIL_AE  0.0029500 0.0003909 0.0002932 0.0005865 0.0001954 0.0003909 0.0005865 0.0000977 0.0003910 0.0000977 0.0001954 0.0034454 0.0006842 0.0007833 0.0008814 0.0000977 0.0034454 0.0008810 0.0038414 0.0001954 0.0007820 0.0002932 0.0004887 0.0003909 0.0003909 0.0004887 0.0005865 0.0003909 0.0007820 0.0006842 0.0006842 0.0024561 0.0000000 0.0002932 0.0011771 
X15062_UNK_UNK_UNK             0.0030493 0.0004887 0.0003909 0.0006842 0.0002932 0.0004887 0.0006842 0.0001954 0.0004887 0.0001955 0.0002932 0.0035449 0.0005865 0.0008815 0.0009797 0.0001954 0.0035449 0.0009791 0.0039411 0.0002932 0.0008811 0.0003909 0.0005865 0.0004887 0.0004887 0.0003909 0.0004887 0.0002932 0.0006842 0.0005865 0.0005865 0.0025552 0.0002932 0.0000000 0.0012756 
FJ654700_CHN_UNK_17D-TIANTAN   0.0039474 0.0013738 0.0012754 0.0015707 0.0011771 0.0013737 0.0015708 0.0010788 0.0013745 0.0010790 0.0011771 0.0044456 0.0016694 0.0017688 0.0018675 0.0010788 0.0044456 0.0018665 0.0048435 0.0011771 0.0017680 0.0012754 0.0014722 0.0013739 0.0013739 0.0014723 0.0015714 0.0013739 0.0017678 0.0016694 0.0016693 0.0034509 0.0011771 0.0012756 0.0000000 
