36
U21055_UNK_UNK_FNV             0.0000000 0.0126342 0.0123880 0.0122737 0.0121632 0.0119306 0.0121585 0.0123974 0.0120445 0.0124028 0.0119322 0.0119306 0.0130803 0.0127509 0.0128924 0.0130128 0.0120445 0.0130803 0.0125298 0.0135485 0.0119306 0.0124112 0.0120445 0.0125113 0.0123967 0.0123967 0.0122830 0.0124106 0.0121687 0.0127316 0.0126217 0.0126171 0.0122860 0.0121585 0.0122828 0.0131359 
OP796361_RUS_UNK_17DD          0.0126342 0.0000000 0.0032004 0.0030987 0.0029982 0.0027943 0.0029971 0.0032026 0.0028957 0.0032038 0.0027947 0.0027943 0.0033061 0.0035108 0.0036194 0.0037233 0.0028957 0.0033061 0.0033061 0.0037165 0.0029971 0.0034096 0.0028957 0.0033041 0.0032023 0.0032023 0.0031008 0.0032056 0.0029992 0.0036137 0.0035126 0.0035114 0.0008849 0.0029971 0.0031008 0.0040347 
MN708497_BEL_2019-2-7_STAMARIL 0.0123880 0.0032004 0.0000000 0.0000977 0.0007852 0.0003909 0.0005881 0.0007855 0.0002932 0.0002932 0.0002932 0.0003909 0.0037152 0.0008847 0.0005899 0.0006888 0.0002932 0.0037152 0.0010830 0.0041276 0.0003909 0.0009838 0.0004898 0.0002932 0.0001954 0.0001954 0.0006869 0.0007862 0.0005885 0.0007861 0.0006877 0.0006875 0.0026913 0.0003909 0.0004902 0.0013837 
MN708496_BEL_2019-2-7_STAMARIL 0.0122737 0.0030987 0.0000977 0.0000000 0.0006867 0.0002932 0.0004898 0.0006869 0.0001954 0.0001955 0.0001955 0.0002932 0.0036129 0.0007860 0.0004913 0.0005901 0.0001954 0.0036129 0.0009840 0.0040247 0.0002932 0.0008849 0.0003909 0.0001954 0.0000977 0.0000977 0.0005885 0.0006876 0.0004902 0.0006875 0.0005892 0.0005890 0.0025902 0.0002932 0.0003909 0.0012842 
MN708495_BEL_2019-2-7_STAMARIL 0.0121632 0.0029982 0.0007852 0.0006867 0.0000000 0.0003909 0.0005883 0.0003921 0.0004900 0.0007861 0.0003910 0.0003909 0.0035119 0.0010828 0.0011839 0.0012836 0.0004900 0.0035119 0.0010834 0.0039234 0.0005883 0.0007860 0.0002932 0.0008844 0.0007857 0.0007857 0.0006872 0.0007865 0.0005887 0.0011821 0.0010833 0.0010830 0.0024902 0.0005883 0.0006872 0.0015836 
MN708494_BEL_2019-2-7_STAMARIL 0.0119306 0.0027943 0.0003909 0.0002932 0.0003909 0.0000000 0.0001954 0.0003909 0.0000977 0.0003921 0.0000010 0.0000010 0.0033065 0.0006874 0.0007873 0.0008865 0.0000977 0.0033065 0.0006877 0.0037169 0.0001954 0.0005890 0.0000977 0.0004901 0.0003909 0.0003909 0.0002932 0.0003923 0.0001954 0.0007861 0.0006877 0.0006875 0.0022878 0.0001954 0.0002932 0.0011848 
MN708493_BEL_2019-2-7_STAMARIL 0.0121585 0.0029971 0.0005881 0.0004898 0.0005883 0.0001954 0.0000000 0.0005885 0.0002932 0.0005887 0.0001955 0.0001954 0.0035106 0.0008847 0.0009852 0.0010846 0.0002932 0.0035106 0.0008851 0.0039220 0.0003909 0.0007862 0.0002932 0.0006869 0.0005884 0.0005884 0.0004902 0.0005890 0.0003909 0.0009837 0.0008851 0.0008849 0.0024893 0.0003909 0.0004901 0.0013837 
MN708491_BEL_2019-2-7_STAMARIL 0.0123974 0.0032026 0.0007855 0.0006869 0.0003921 0.0003909 0.0005885 0.0000000 0.0004902 0.0007863 0.0003920 0.0003909 0.0037178 0.0010832 0.0011842 0.0012840 0.0004902 0.0037178 0.0010837 0.0041304 0.0005885 0.0009844 0.0002932 0.0008847 0.0007859 0.0007859 0.0006874 0.0007867 0.0005889 0.0011825 0.0010837 0.0010834 0.0026941 0.0005885 0.0006874 0.0015841 
MN708490_BEL_2019-2-7_STAMARIL 0.0120445 0.0028957 0.0002932 0.0001954 0.0004900 0.0000977 0.0002932 0.0004902 0.0000000 0.0002932 0.0000010 0.0000977 0.0034085 0.0005889 0.0006885 0.0007876 0.0000010 0.0034085 0.0007864 0.0038194 0.0000977 0.0006876 0.0001954 0.0003909 0.0002932 0.0002932 0.0003909 0.0004906 0.0002932 0.0006875 0.0005892 0.0005890 0.0023885 0.0000977 0.0001954 0.0010855 
MN708489_BEL_2019-2-7_STAMARIL 0.0124028 0.0032038 0.0002932 0.0001955 0.0007861 0.0003921 0.0005887 0.0007863 0.0002932 0.0000000 0.0002932 0.0003921 0.0037193 0.0008857 0.0006893 0.0007884 0.0002932 0.0037193 0.0010841 0.0041321 0.0003921 0.0009848 0.0004903 0.0003923 0.0002932 0.0002932 0.0006877 0.0007870 0.0005891 0.0007869 0.0006884 0.0006882 0.0026951 0.0003921 0.0004907 0.0013852 
MN708488_FRA_2019-2-7_STAMARIL 0.0119322 0.0027947 0.0002932 0.0001955 0.0003910 0.0000010 0.0001955 0.0003920 0.0000010 0.0002932 0.0000000 0.0000010 0.0033069 0.0005890 0.0006886 0.0007877 0.0000010 0.0033069 0.0006878 0.0037174 0.0000977 0.0005891 0.0000977 0.0003910 0.0002932 0.0002932 0.0002932 0.0003923 0.0001955 0.0006876 0.0005892 0.0005890 0.0022881 0.0000977 0.0001955 0.0010856 
MG051217_UNK_UNK_UNK           0.0119306 0.0027943 0.0003909 0.0002932 0.0003909 0.0000010 0.0001954 0.0003909 0.0000977 0.0003921 0.0000010 0.0000000 0.0033065 0.0006874 0.0007873 0.0008865 0.0000977 0.0033065 0.0006877 0.0037169 0.0001954 0.0005890 0.0000977 0.0004901 0.0003909 0.0003909 0.0002932 0.0003923 0.0001954 0.0007861 0.0006877 0.0006875 0.0022878 0.0001954 0.0002932 0.0011848 
GQ379162_PER_2007-10_17DD_AE   0.0130803 0.0033061 0.0037152 0.0036129 0.0035119 0.0033065 0.0035106 0.0037178 0.0034085 0.0037193 0.0033069 0.0033065 0.0000000 0.0040285 0.0041387 0.0042435 0.0034085 0.0000010 0.0038223 0.0001955 0.0035106 0.0039267 0.0034085 0.0038200 0.0037175 0.0037175 0.0036154 0.0037214 0.0035131 0.0039214 0.0038201 0.0038188 0.0032054 0.0035106 0.0036153 0.0045573 
MT840700_UNK_UNK_UNK           0.0127509 0.0035108 0.0008847 0.0007860 0.0010828 0.0006874 0.0008847 0.0010832 0.0005889 0.0008857 0.0005890 0.0006874 0.0040285 0.0000000 0.0012844 0.0013844 0.0005889 0.0040285 0.0013823 0.0044428 0.0006874 0.0012826 0.0007860 0.0009841 0.0008852 0.0008852 0.0005885 0.0006876 0.0004902 0.0010833 0.0009847 0.0009843 0.0030002 0.0006874 0.0005889 0.0016851 
OM938990_FRA_2019_YF_VAX       0.0128924 0.0036194 0.0005899 0.0004913 0.0011839 0.0007873 0.0009852 0.0011842 0.0006885 0.0006893 0.0006886 0.0007873 0.0041387 0.0012844 0.0000000 0.0000977 0.0006885 0.0041387 0.0014843 0.0045544 0.0007873 0.0012863 0.0008862 0.0004910 0.0003926 0.0003926 0.0010850 0.0011853 0.0009858 0.0009855 0.0008867 0.0008864 0.0031073 0.0007873 0.0008868 0.0017881 
OM938989_FRA_2018_YF_VAX       0.0130128 0.0037233 0.0006888 0.0005901 0.0012836 0.0008865 0.0010846 0.0012840 0.0007876 0.0007884 0.0007877 0.0008865 0.0042435 0.0013844 0.0000977 0.0000000 0.0007876 0.0042435 0.0015846 0.0046597 0.0008865 0.0013864 0.0009855 0.0005897 0.0004912 0.0004912 0.0011846 0.0012852 0.0010853 0.0010849 0.0009861 0.0009858 0.0032104 0.0008865 0.0009861 0.0018890 
OK573009_USA_UNK_UNK           0.0120445 0.0028957 0.0002932 0.0001954 0.0004900 0.0000977 0.0002932 0.0004902 0.0000010 0.0002932 0.0000010 0.0000977 0.0034085 0.0005889 0.0006885 0.0007876 0.0000000 0.0034085 0.0007864 0.0038194 0.0000977 0.0006876 0.0001954 0.0003909 0.0002932 0.0002932 0.0003909 0.0004906 0.0002932 0.0006875 0.0005892 0.0005890 0.0023885 0.0000977 0.0001954 0.0010855 
MN737509_BRA_2019-11-21_17DD   0.0130803 0.0033061 0.0037152 0.0036129 0.0035119 0.0033065 0.0035106 0.0037178 0.0034085 0.0037193 0.0033069 0.0033065 0.0000010 0.0040285 0.0041387 0.0042435 0.0034085 0.0000000 0.0038223 0.0001955 0.0035106 0.0039267 0.0034085 0.0038200 0.0037175 0.0037175 0.0036154 0.0037214 0.0035131 0.0039214 0.0038201 0.0038188 0.0032054 0.0035106 0.0036153 0.0045573 
MW158363_USA_1966_17DD_AE      0.0125298 0.0033061 0.0010830 0.0009840 0.0010834 0.0006877 0.0008851 0.0010837 0.0007864 0.0010841 0.0006878 0.0006877 0.0038223 0.0013823 0.0014843 0.0015846 0.0007864 0.0038223 0.0000000 0.0042357 0.0008851 0.0006876 0.0007864 0.0011827 0.0010836 0.0010836 0.0009847 0.0010847 0.0008857 0.0014821 0.0013830 0.0013826 0.0030018 0.0008851 0.0009847 0.0018862 
MW158362_ECU_1997-7_17DD_AE    0.0135485 0.0037165 0.0041276 0.0040247 0.0039234 0.0037169 0.0039220 0.0041304 0.0038194 0.0041321 0.0037174 0.0037169 0.0001955 0.0044428 0.0045544 0.0046597 0.0038194 0.0001955 0.0042357 0.0000000 0.0039220 0.0043408 0.0038194 0.0042331 0.0041301 0.0041301 0.0040275 0.0041344 0.0039247 0.0043348 0.0042332 0.0042318 0.0036154 0.0039220 0.0040275 0.0049753 
MW158360_PER_2011-3_17DD_AE    0.0119306 0.0029971 0.0003909 0.0002932 0.0005883 0.0001954 0.0003909 0.0005885 0.0000977 0.0003921 0.0000977 0.0001954 0.0035106 0.0006874 0.0007873 0.0008865 0.0000977 0.0035106 0.0008851 0.0039220 0.0000000 0.0007862 0.0002932 0.0004901 0.0003909 0.0003909 0.0004902 0.0005890 0.0003909 0.0007861 0.0006877 0.0006875 0.0024893 0.0001954 0.0002932 0.0011848 
MW158358_PER_2004_17DD_AE      0.0124112 0.0034096 0.0009838 0.0008849 0.0007860 0.0005890 0.0007862 0.0009844 0.0006876 0.0009848 0.0005891 0.0005890 0.0039267 0.0012826 0.0012863 0.0013864 0.0006876 0.0039267 0.0006876 0.0043408 0.0007862 0.0000000 0.0006876 0.0009855 0.0008865 0.0008865 0.0008855 0.0009853 0.0007867 0.0012844 0.0011853 0.0011849 0.0028995 0.0007862 0.0008855 0.0017856 
MW249080_FRA_2019-2-7_STAMARIL 0.0120445 0.0028957 0.0004898 0.0003909 0.0002932 0.0000977 0.0002932 0.0002932 0.0001954 0.0004903 0.0000977 0.0000977 0.0034085 0.0007860 0.0008862 0.0009855 0.0001954 0.0034085 0.0007864 0.0038194 0.0002932 0.0006876 0.0000000 0.0005884 0.0004901 0.0004901 0.0003909 0.0004906 0.0002932 0.0008849 0.0007864 0.0007861 0.0023885 0.0002932 0.0003909 0.0012842 
JX949181_USA_2012-7-3_UNK      0.0125113 0.0033041 0.0002932 0.0001954 0.0008844 0.0004901 0.0006869 0.0008847 0.0003909 0.0003923 0.0003910 0.0004901 0.0038200 0.0009841 0.0004910 0.0005897 0.0003909 0.0038200 0.0011827 0.0042331 0.0004901 0.0009855 0.0005884 0.0000000 0.0000977 0.0000977 0.0007859 0.0006880 0.0006873 0.0006871 0.0005888 0.0005886 0.0027951 0.0004901 0.0005888 0.0014842 
KF769015_UNK_UNK_YF_VAX        0.0123967 0.0032023 0.0001954 0.0000977 0.0007857 0.0003909 0.0005884 0.0007859 0.0002932 0.0002932 0.0002932 0.0003909 0.0037175 0.0008852 0.0003926 0.0004912 0.0002932 0.0037175 0.0010836 0.0041301 0.0003909 0.0008865 0.0004901 0.0000977 0.0000000 0.0000010 0.0006873 0.0007867 0.0005888 0.0005886 0.0004904 0.0004903 0.0026938 0.0003909 0.0004904 0.0013845 
JX503529_UNK_UNK_YF_VAX        0.0123967 0.0032023 0.0001954 0.0000977 0.0007857 0.0003909 0.0005884 0.0007859 0.0002932 0.0002932 0.0002932 0.0003909 0.0037175 0.0008852 0.0003926 0.0004912 0.0002932 0.0037175 0.0010836 0.0041301 0.0003909 0.0008865 0.0004901 0.0000977 0.0000010 0.0000000 0.0006873 0.0007867 0.0005888 0.0005886 0.0004904 0.0004903 0.0026938 0.0003909 0.0004904 0.0013845 
AF052446_UNK_UNK_17D-204-SA    0.0122830 0.0031008 0.0006869 0.0005885 0.0006872 0.0002932 0.0004902 0.0006874 0.0003909 0.0006877 0.0002932 0.0002932 0.0036154 0.0005885 0.0010850 0.0011846 0.0003909 0.0036154 0.0009847 0.0040275 0.0004902 0.0008855 0.0003909 0.0007859 0.0006873 0.0006873 0.0000000 0.0002932 0.0000977 0.0008849 0.0007864 0.0007861 0.0025920 0.0004902 0.0003909 0.0014843 
AF052445_UNK_UNK_17D-204-SA    0.0124106 0.0032056 0.0007862 0.0006876 0.0007865 0.0003923 0.0005890 0.0007867 0.0004906 0.0007870 0.0003923 0.0003923 0.0037214 0.0006876 0.0011853 0.0012852 0.0004906 0.0037214 0.0010847 0.0041344 0.0005890 0.0009853 0.0004906 0.0006880 0.0007867 0.0007867 0.0002932 0.0000000 0.0001954 0.0009846 0.0008860 0.0008857 0.0026966 0.0005890 0.0004906 0.0015856 
AF052444_UNK_UNK_17D-204-SA    0.0121687 0.0029992 0.0005885 0.0004902 0.0005887 0.0001954 0.0003909 0.0005889 0.0002932 0.0005891 0.0001955 0.0001954 0.0035131 0.0004902 0.0009858 0.0010853 0.0002932 0.0035131 0.0008857 0.0039247 0.0003909 0.0007867 0.0002932 0.0006873 0.0005888 0.0005888 0.0000977 0.0001954 0.0000000 0.0007861 0.0006877 0.0006875 0.0024910 0.0003909 0.0002932 0.0013846 
AF052439_UNK_UNK_YF_VAX        0.0127316 0.0036137 0.0007861 0.0006875 0.0011821 0.0007861 0.0009837 0.0011825 0.0006875 0.0007869 0.0006876 0.0007861 0.0039214 0.0010833 0.0009855 0.0010849 0.0006875 0.0039214 0.0014821 0.0043348 0.0007861 0.0012844 0.0008849 0.0006871 0.0005886 0.0005886 0.0008849 0.0009846 0.0007861 0.0000000 0.0002932 0.0002932 0.0031024 0.0007861 0.0006875 0.0017854 
AF052438_UNK_UNK_YF_VAX        0.0126217 0.0035126 0.0006877 0.0005892 0.0010833 0.0006877 0.0008851 0.0010837 0.0005892 0.0006884 0.0005892 0.0006877 0.0038201 0.0009847 0.0008867 0.0009861 0.0005892 0.0038201 0.0013830 0.0042332 0.0006877 0.0011853 0.0007864 0.0005888 0.0004904 0.0004904 0.0007864 0.0008860 0.0006877 0.0002932 0.0000000 0.0001954 0.0030018 0.0006877 0.0005892 0.0016859 
AF052437_UNK_UNK_YF_VAX        0.0126171 0.0035114 0.0006875 0.0005890 0.0010830 0.0006875 0.0008849 0.0010834 0.0005890 0.0006882 0.0005890 0.0006875 0.0038188 0.0009843 0.0008864 0.0009858 0.0005890 0.0038188 0.0013826 0.0042318 0.0006875 0.0011849 0.0007861 0.0005886 0.0004903 0.0004903 0.0007861 0.0008857 0.0006875 0.0002932 0.0001954 0.0000000 0.0030008 0.0006875 0.0005890 0.0016853 
DQ100292_BRA_UNK_17DD          0.0122860 0.0008849 0.0026913 0.0025902 0.0024902 0.0022878 0.0024893 0.0026941 0.0023885 0.0026951 0.0022881 0.0022878 0.0032054 0.0030002 0.0031073 0.0032104 0.0023885 0.0032054 0.0030018 0.0036154 0.0024893 0.0028995 0.0023885 0.0027951 0.0026938 0.0026938 0.0025920 0.0026966 0.0024910 0.0031024 0.0030018 0.0030008 0.0000000 0.0024893 0.0025919 0.0035198 
DQ118157_ESP_2004_STAMARIL_AE  0.0121585 0.0029971 0.0003909 0.0002932 0.0005883 0.0001954 0.0003909 0.0005885 0.0000977 0.0003921 0.0000977 0.0001954 0.0035106 0.0006874 0.0007873 0.0008865 0.0000977 0.0035106 0.0008851 0.0039220 0.0001954 0.0007862 0.0002932 0.0004901 0.0003909 0.0003909 0.0004902 0.0005890 0.0003909 0.0007861 0.0006877 0.0006875 0.0024893 0.0000000 0.0002932 0.0011848 
X15062_UNK_UNK_UNK             0.0122828 0.0031008 0.0004902 0.0003909 0.0006872 0.0002932 0.0004901 0.0006874 0.0001954 0.0004907 0.0001955 0.0002932 0.0036153 0.0005889 0.0008868 0.0009861 0.0001954 0.0036153 0.0009847 0.0040275 0.0002932 0.0008855 0.0003909 0.0005888 0.0004904 0.0004904 0.0003909 0.0004906 0.0002932 0.0006875 0.0005892 0.0005890 0.0025919 0.0002932 0.0000000 0.0012851 
FJ654700_CHN_UNK_17D-TIANTAN   0.0131359 0.0040347 0.0013837 0.0012842 0.0015836 0.0011848 0.0013837 0.0015841 0.0010855 0.0013852 0.0010856 0.0011848 0.0045573 0.0016851 0.0017881 0.0018890 0.0010855 0.0045573 0.0018862 0.0049753 0.0011848 0.0017856 0.0012842 0.0014842 0.0013845 0.0013845 0.0014843 0.0015856 0.0013846 0.0017854 0.0016859 0.0016853 0.0035198 0.0011848 0.0012851 0.0000000 
